QAbit
0.889718770980835
0.8647322654724121
1.2211487293243408
1.4205121994018555
1.4528634548187256
1.7602636814117432
2.0659244060516357
0.743483304977417
0.7461597919464111
1.293064832687378
1.8225739002227783
2.067786693572998
2.5368196964263916
2.7040579319000244
QA
0.7445123195648193
0.8596563339233398
1.1827480792999268
1.4868974685668945
1.8376452922821045
2.387679100036621
2.76456618309021
0.7254130840301514
0.9656071662902832
1.336442470550537
1.8766305446624756
2.601757049560547
3.0988619327545166
3.3991334438323975
OR
